0614_00.csv
origin/
500,1000,1500,2000
1,10,20
0.5823, 0.5587, 0.5423, 0.5267
0.677, 0.6358, 0.618, 0.6071
0.6792, 0.6316, 0.6125, 0.604
0614_01.csv
2_heur/
500,1000,1500,2000
1,10,20
0.576, 0.5482, 0.5338, 0.5207
0.6673, 0.6407, 0.6072, 0.5942
0.6709, 0.6373, 0.6124, 0.5891
0614_10.csv
origin/
2500,3000,3500
1,10,20
0.5129, 0.5061, 0.497
0.5912, 0.5877, 0.5754
0.5819, 0.58, 0.5688
0614_11.csv
2_heur/
2500,3000,3500
1,10,20
0.507, 0.4962, 0.4864
0.5843, 0.5749, 0.5692
0.582, 0.5709, 0.57
0614_20.csv
origin/
4000,4500,5000
1,10,20
0.494, 0.4906, 0.4829
0.57, 0.5649, 0.5622
0.5732, 0.5778, 0.5525
0614_21.csv
2_heur/
4000,4500,5000
1,10,20
0.4834, 0.4795, 0.4742
0.5618, 0.5573, 0.5516
0.5525, 0.5474, 0.5534
ker
