0614_00.csv
origin/
500,1000,1500,2000
1,10,20
0.6149, 0.595, 0.585, 0.5771
0.7026, 0.6596, 0.6376, 0.6232
0.7161, 0.6623, 0.6373, 0.6193
0614_01.csv
2_heur/
500,1000,1500,2000
1,10,20
0.6108, 0.5907, 0.5817, 0.5735
0.693, 0.6507, 0.6294, 0.6152
0.7069, 0.6524, 0.6284, 0.6109
0614_10.csv
origin/
2500,3000,3500
1,10,20
0.5705, 0.5663, 0.5612
0.611, 0.6027, 0.5943
0.6046, 0.5947, 0.5849
0614_11.csv
2_heur/
2500,3000,3500
1,10,20
0.5675, 0.5643, 0.5598
0.6041, 0.5961, 0.5872
0.5967, 0.5866, 0.577
0614_20.csv
origin/
4000,4500,5000
1,10,20
0.5598, 0.5575, 0.5553
0.5888, 0.5854, 0.5813
0.5786, 0.5743, 0.5697
0614_21.csv
2_heur/
4000
1,10,20
0.5726
0.6596
0.6459
ker
